"seq" "sex" "dob_yy" "dob_mm" "dob_dd" "reg" "state" "helpertype" "helperpresent" "time"
"1" 1 2 9 3 27 6 18 15 1 1982
"2" 2 2 1 12 7 8 10 0 0 1982
"3" 3 2 2 11 7 0 31 0 0 1982
"4" 4 2 11 1 11 5 6 0 0 1982
"5" 5 2 17 12 5 10 36 15 1 1982
"6" 6 1 6 7 7 10 32 0 0 1982
"7" 7 2 16 4 25 10 17 14 1 1982
"8" 8 2 7 7 24 3 31 0 0 1982
"9" 9 2 8 3 22 1 45 23 1 1982
"10" 10 2 9 4 7 4 28 0 0 1982
"11" 11 2 25 7 31 2 25 0 0 1982
"12" 12 2 10 9 7 5 6 0 0 1982
"13" 13 2 9 11 7 3 31 0 0 1982
"14" 14 2 5 3 29 12 39 0 0 1982
"15" 15 2 5 12 7 10 36 15 1 1982
"16" 16 1 15 6 2 6 42 0 0 1982
"17" 17 2 4 12 24 0 25 0 0 1982
"18" 18 2 7 10 7 12 39 0 0 1982
"19" 19 2 13 11 17 0 6 0 0 1982
"20" 20 2 16 12 20 8 38 0 0 1982
"21" 21 2 9 2 9 3 31 15 1 1982
"22" 22 2 17 8 6 3 31 0 0 1982
"23" 23 1 3 1 7 8 38 0 0 1982
"24" 24 2 9 2 7 6 42 15 1 1982
"25" 25 2 16 5 7 3 31 0 0 1982
"26" 26 2 16 2 7 4 15 0 0 1982
"27" 27 2 16 2 27 6 16 0 0 1982
"28" 28 2 5 2 7 0 31 0 0 1982
"29" 29 2 10 4 7 11 43 17 1 1982
"30" 30 2 17 1 15 6 8 15 1 1982
"31" 31 2 28 11 7 5 6 0 0 1982
"32" 32 2 17 2 17 8 34 24 1 1982
"33" 33 2 22 2 25 10 17 15 1 1982
"34" 34 2 10 7 7 0 25 0 0 1982
"35" 35 2 2 6 7 4 28 0 0 1982
"36" 36 2 27 1 24 3 31 0 0 1982
"37" 37 2 16 5 6 1 25 15 1 1982
"38" 38 2 22 3 7 10 36 21 1 1982
"39" 39 2 20 9 7 8 38 0 0 1982
"40" 40 2 12 11 5 6 16 15 1 1982
"41" 41 2 17 2 6 8 10 0 0 1982
"42" 42 2 25 2 23 6 16 0 0 1982
"43" 43 2 9 3 7 9 1 0 0 1982
"44" 44 2 28 10 13 4 28 23 1 1982
"45" 45 2 25 11 26 5 6 0 0 1982
"46" 46 2 16 1 18 0 13 0 0 1982
"47" 47 2 26 9 22 2 24 0 0 1982
"48" 48 2 18 3 7 6 42 15 1 1982
"49" 49 2 28 12 13 3 31 0 0 1982
"50" 50 2 12 2 7 6 9 0 0 1982
"51" 52 1 6 1 7 10 36 0 0 1982
"52" 53 2 5 7 30 8 47 15 1 1982
"53" 54 2 26 8 10 8 38 15 1 1982
"54" 55 2 21 9 28 4 15 0 0 1982
"55" 56 2 5 8 7 3 31 0 0 1982
"56" 57 1 13 2 7 11 43 11 1 1982
"57" 58 2 18 5 16 11 43 0 0 1982
"58" 59 1 1 2 7 8 47 0 0 1982
"59" 60 2 11 12 7 3 31 24 1 1982
"60" 61 2 3 4 1 0 12 0 0 1982
"61" 62 2 15 8 7 11 43 0 0 1982
"62" 63 2 6 11 17 4 28 0 0 1982
"63" 64 2 14 11 7 5 6 0 0 1982
"64" 65 2 6 11 14 4 28 15 1 1982
"65" 66 1 31 2 13 6 18 11 1 1982
"66" 67 2 13 11 18 3 31 19 1 1982
"67" 68 2 19 1 15 4 28 21 1 1982
"68" 69 2 22 5 15 3 31 24 1 1982
"69" 70 2 13 2 5 4 15 21 1 1982
"70" 71 2 8 4 8 6 16 0 0 1982
"71" 72 2 22 7 26 4 15 11 1 1982
"72" 73 2 15 2 12 11 22 0 0 1982
"73" 74 1 14 12 4 3 31 0 0 1982
"74" 75 2 21 4 7 10 36 0 0 1982
"75" 76 2 6 11 6 7 39 0 0 1982
"76" 77 2 29 6 25 9 35 0 0 1982
"77" 78 1 4 2 7 6 9 0 0 1982
"78" 79 1 21 4 7 8 41 11 1 1982
"79" 80 1 6 2 7 0 2 0 0 1982
"80" 81 1 1 2 7 11 44 19 1 1982
"81" 82 1 6 2 7 7 30 0 0 1982
"82" 83 2 21 6 23 9 2 15 1 1982
"83" 84 2 21 8 7 9 35 15 1 1982
"84" 85 2 13 12 7 3 31 0 0 1982
"85" 86 1 31 5 17 3 31 0 0 1982
"86" 87 2 5 11 9 2 25 0 0 1982
"87" 88 2 25 5 4 1 45 0 0 1982
"88" 89 2 9 8 7 11 27 0 0 1982
"89" 90 1 8 2 7 9 35 11 1 1982
"90" 91 2 20 6 22 10 36 0 0 1982
"91" 92 2 11 8 7 1 12 0 0 1982
"92" 93 1 8 2 7 11 20 0 0 1982
"93" 94 2 10 1 12 7 40 26 1 1982
"94" 95 2 4 1 7 3 46 0 0 1982
"95" 96 2 26 7 18 6 16 0 0 1982
"96" 97 1 12 1 5 9 3 0 0 1982
"97" 98 1 6 2 7 5 6 0 0 1982
"98" 99 1 7 2 7 3 31 0 0 1982
"99" 100 2 14 11 7 4 28 0 0 1982
"100" 101 2 21 10 28 12 39 24 1 1982
"101" 102 2 12 4 7 4 15 0 0 1982
"102" 103 2 27 9 24 5 6 0 0 1982
"103" 104 2 24 5 5 3 31 0 0 1982
"104" 105 1 16 11 11 5 6 0 0 1982
"105" 106 2 11 3 13 9 35 14 1 1982
"106" 107 2 15 12 7 11 20 0 0 1982
"107" 108 2 16 5 11 5 6 0 0 1982
"108" 109 2 32 7 26 8 10 0 0 1982
"109" 110 1 9 8 25 8 13 0 0 1982
"110" 111 2 9 10 29 7 39 0 0 1982
"111" 112 2 11 7 27 4 28 17 1 1982
"112" 113 2 8 2 7 4 28 15 1 1982
"113" 114 1 9 2 7 4 28 11 1 1982
"114" 115 2 30 4 11 9 1 0 0 1982
"115" 116 2 9 2 7 2 24 0 0 1982
"116" 117 1 9 4 7 6 2 0 0 1982
"117" 118 2 10 4 7 3 31 0 0 1982
"118" 119 2 23 2 15 8 41 14 1 1982
"119" 120 2 9 2 7 10 36 15 1 1982
"120" 121 2 23 3 1 7 40 0 0 1982
"121" 122 2 10 10 7 9 1 0 0 1982
"122" 123 2 16 6 7 9 2 0 0 1982
"123" 124 2 23 6 22 3 31 0 0 1982
"124" 125 1 10 9 7 2 25 0 0 1982
"125" 126 1 6 12 7 5 6 11 1 1982
"126" 127 2 12 4 1 6 18 0 0 1982
"127" 128 2 11 12 7 4 28 19 1 1982
"128" 129 1 9 12 7 3 31 11 1 1982
"129" 130 2 9 11 17 11 43 0 0 1982
"130" 131 2 23 12 21 9 2 0 0 1982
"131" 132 2 31 12 9 8 41 0 0 1982
"132" 133 1 8 2 7 7 40 0 0 1982
"133" 134 2 19 1 7 1 23 0 0 1982
"134" 135 2 12 5 7 9 3 15 1 1982
"135" 136 2 13 9 7 11 20 0 0 1982
"136" 137 1 9 2 7 3 31 25 1 1982
"137" 138 2 14 9 7 1 14 0 0 1982
"138" 139 2 13 12 7 9 1 15 1 1982
"139" 140 2 23 12 10 12 39 0 0 1982
"140" 141 2 14 1 7 3 24 24 1 1982
"141" 142 2 16 1 7 3 31 0 0 1982
"142" 143 2 19 8 7 9 1 0 0 1982
"143" 144 2 8 2 7 2 24 0 0 1982
"144" 145 2 25 9 13 3 46 0 0 1982
"145" 146 2 11 9 7 8 10 0 0 1982
"146" 147 2 13 6 7 3 31 0 0 1982
"147" 149 2 6 8 25 3 31 19 1 1982
"148" 150 2 12 7 7 2 25 0 0 1982
"149" 151 2 19 8 21 4 15 0 0 1982
"150" 152 2 19 10 7 10 11 11 1 1982
"151" 153 2 13 4 7 3 31 0 0 1982
"152" 154 2 27 3 6 2 25 0 0 1982
"153" 155 2 10 1 14 10 32 0 0 1982
"154" 156 2 25 1 9 3 31 0 0 1982
"155" 157 2 31 10 18 9 1 19 1 1982
"156" 158 2 18 1 7 9 35 0 0 1982
"157" 159 2 30 11 1 5 7 0 0 1982
"158" 160 2 24 11 7 10 36 0 0 1982
"159" 161 2 23 11 25 7 30 24 1 1982
"160" 162 2 16 2 7 5 6 0 0 1982
"161" 163 2 19 7 31 9 35 0 0 1982
"162" 164 2 27 9 13 10 17 0 0 1982
"163" 165 2 12 4 23 2 25 0 0 1982
"164" 166 2 12 12 27 7 39 0 0 1982
"165" 167 2 13 3 7 5 6 23 1 1982
"166" 168 1 19 7 7 3 31 0 0 1982
"167" 169 2 15 9 21 3 31 0 0 1982
"168" 170 2 20 8 7 0 24 0 0 1982
"169" 171 2 26 12 18 12 39 0 0 1982
"170" 172 1 19 8 7 4 28 0 0 1982
"171" 173 2 17 12 6 0 31 0 0 1982
"172" 174 1 23 6 12 8 10 0 0 1982
"173" 175 1 13 7 7 11 22 0 0 1982
"174" 176 2 33 2 27 11 27 0 0 1982
"175" 177 2 25 5 6 9 2 0 0 1982
"176" 178 2 14 7 20 6 42 0 0 1982
"177" 179 2 16 8 18 3 31 26 1 1982
"178" 180 1 14 9 7 4 15 0 0 1982
"179" 181 2 15 7 7 3 46 0 0 1982
"180" 182 1 14 11 7 6 9 0 0 1982
"181" 183 2 16 3 28 10 17 20 1 1982
"182" 184 1 13 4 7 10 36 0 0 1982
"183" 185 2 17 1 1 9 2 0 0 1982
"184" 186 1 17 2 6 9 1 11 1 1982
"185" 187 1 14 2 7 3 31 0 0 1982
"186" 188 1 29 7 4 9 1 15 1 1982
"187" 189 1 9 4 7 9 35 11 1 1982
"188" 190 2 13 3 2 0 38 0 0 1982
"189" 191 2 19 5 30 0 31 0 0 1982
"190" 192 2 16 9 7 3 31 15 1 1982
"191" 193 1 14 7 7 4 15 0 0 1982
"192" 194 2 19 8 5 12 39 0 0 1982
"193" 196 2 13 1 29 7 39 0 0 1982
"194" 197 2 21 12 7 3 31 0 0 1982
"195" 198 1 10 6 7 5 6 15 1 1982
"196" 199 1 14 2 7 8 10 0 0 1982
"197" 200 1 7 11 7 9 2 11 1 1982
"198" 201 1 12 9 3 3 31 0 0 1982
"199" 202 2 15 7 18 3 31 15 1 1982
"200" 203 1 15 10 7 3 24 0 0 1982
"201" 204 2 13 6 7 9 35 15 1 1982
"202" 205 2 20 8 11 9 2 0 0 1982
"203" 206 2 24 9 17 1 45 17 1 1982
"204" 207 1 31 10 6 6 9 0 0 1982
"205" 208 1 15 3 7 12 39 0 0 1982
"206" 209 1 18 9 7 9 2 0 0 1982
"207" 210 1 17 2 6 6 18 0 0 1982
"208" 211 2 19 5 7 11 22 11 1 1982
"209" 212 1 11 5 7 9 35 0 0 1982
"210" 213 2 23 8 9 8 26 0 0 1982
"211" 214 1 23 10 12 1 12 0 0 1982
"212" 215 2 26 6 23 1 12 0 0 1982
"213" 216 1 27 12 1 1 14 0 0 1982
"214" 218 2 21 8 4 8 13 0 0 1982
"215" 219 1 13 11 11 1 45 14 1 1982
"216" 220 1 33 1 8 1 14 0 0 1982
"217" 221 2 28 12 31 1 14 0 0 1982
"218" 222 1 17 1 5 1 33 0 0 1982
"219" 223 2 18 1 17 1 45 11 1 1982
"220" 225 2 28 9 13 2 25 0 0 1982
"221" 226 2 26 7 23 1 25 11 1 1982
"222" 227 2 33 3 16 11 22 0 0 1982
"223" 228 1 23 8 28 2 25 0 0 1982
"224" 229 2 20 9 6 2 25 0 0 1982
"225" 232 1 33 1 8 2 24 0 0 1982
"226" 233 1 33 12 1 3 31 11 1 1982
"227" 234 1 26 11 27 2 25 0 0 1982
"228" 235 2 28 2 12 6 8 0 0 1982
"229" 236 1 24 9 2 1 25 0 0 1982
"230" 237 2 31 6 7 9 2 0 0 1982
"231" 238 1 28 8 11 1 25 0 0 1982
"232" 239 1 20 1 2 1 25 0 0 1982
"233" 240 1 31 7 31 2 24 0 0 1982
"234" 242 2 32 11 4 3 24 0 0 1982
"235" 245 1 32 4 19 3 31 0 0 1982
"236" 248 1 31 11 19 3 31 0 0 1982
"237" 251 2 20 4 7 3 31 0 0 1982
"238" 254 1 32 11 1 3 31 0 0 1982
"239" 256 2 30 2 2 3 31 0 0 1982
"240" 257 1 33 6 26 3 31 0 0 1982
"241" 259 2 29 1 24 3 31 11 1 1982
"242" 260 2 29 12 23 3 31 11 1 1982
"243" 261 2 33 3 31 3 31 0 0 1982
"244" 262 2 24 12 26 9 2 24 1 1982
"245" 263 2 28 5 26 11 43 11 1 1982
"246" 264 1 32 1 1 3 31 0 0 1982
"247" 265 2 25 10 2 3 13 11 1 1982
"248" 266 2 32 6 15 3 31 11 1 1982
"249" 267 1 27 1 21 3 31 0 0 1982
"250" 268 2 28 4 16 3 31 0 0 1982
"251" 269 1 32 7 1 3 31 0 0 1982
"252" 270 1 27 1 29 3 31 0 0 1982
"253" 273 1 25 12 13 3 31 0 0 1982
"254" 275 1 33 1 21 3 31 11 1 1982
"255" 276 1 30 8 31 3 31 0 0 1982
"256" 277 1 26 8 24 3 31 11 1 1982
"257" 279 1 29 4 25 3 13 0 0 1982
"258" 280 2 29 12 23 8 38 0 0 1982
"259" 282 1 29 3 21 8 41 0 0 1982
"260" 283 2 30 9 30 8 38 0 0 1982
"261" 284 1 22 5 4 8 26 0 0 1982
"262" 286 2 29 1 21 8 34 15 1 1982
"263" 288 2 33 2 28 8 34 0 0 1982
"264" 289 1 26 2 30 8 34 0 0 1982
"265" 290 1 23 7 7 9 3 0 0 1982
"266" 292 2 22 9 22 9 3 0 0 1982
"267" 293 1 27 10 18 9 3 11 1 1982
"268" 295 1 24 4 16 2 25 11 1 1982
"269" 296 1 20 5 30 9 3 0 0 1982
"270" 298 1 31 9 22 9 2 11 1 1982
"271" 299 1 27 9 2 4 28 0 0 1982
"272" 300 1 33 6 19 4 28 0 0 1982
"273" 301 1 26 7 24 12 39 0 0 1982
"274" 302 1 21 10 20 4 28 0 0 1982
"275" 304 2 27 3 7 4 28 0 0 1982
"276" 305 1 25 6 5 3 31 0 0 1982
"277" 306 1 34 1 30 3 31 0 0 1982
"278" 307 1 25 6 16 4 28 0 1 1982
"279" 308 1 32 5 28 4 28 0 0 1982
"280" 310 1 19 9 7 4 28 0 0 1982
"281" 311 2 15 9 7 1 25 15 1 1982
"282" 312 1 22 7 24 8 7 11 1 1982
"283" 316 2 28 3 31 5 7 0 0 1982
"284" 317 1 30 12 3 5 7 0 0 1982
"285" 319 2 32 8 13 11 22 0 0 1982
"286" 320 1 33 1 26 5 7 0 0 1982
"287" 322 1 30 1 7 5 6 0 0 1982
"288" 324 2 27 11 11 9 2 11 1 1982
"289" 325 1 31 8 1 5 6 0 0 1982
"290" 326 1 33 9 29 5 6 0 0 1982
"291" 328 1 20 11 16 5 6 0 0 1982
"292" 329 2 32 11 10 5 6 0 0 1982
"293" 330 2 20 10 10 5 6 0 0 1982
"294" 331 2 28 10 18 5 6 0 0 1982
"295" 333 1 30 2 6 12 39 0 0 1982
"296" 334 1 31 7 3 9 2 11 1 1982
"297" 335 2 24 6 3 5 6 0 0 1982
"298" 336 1 25 4 5 5 6 0 0 1982
"299" 337 1 22 10 19 5 6 11 1 1982
"300" 338 2 31 1 19 5 6 0 0 1982
"301" 339 2 26 7 2 4 28 0 0 1982
"302" 340 2 24 8 7 5 6 15 1 1982
"303" 341 1 33 6 30 5 6 0 0 1982
"304" 342 1 32 6 15 5 6 0 0 1982
"305" 349 1 24 5 9 4 15 0 0 1982
"306" 351 2 29 10 4 6 42 0 0 1982
"307" 353 2 29 11 8 8 10 0 0 1982
"308" 357 2 25 6 23 9 2 0 0 1982
"309" 358 2 28 4 17 9 35 0 0 1982
"310" 360 2 27 5 4 9 35 0 0 1982
"311" 361 2 20 11 9 9 35 0 0 1982
"312" 362 1 22 10 19 9 35 0 0 1982
"313" 363 2 23 4 21 9 35 0 0 1982
"314" 364 1 31 1 20 9 35 0 0 1982
"315" 366 1 25 9 8 9 35 0 0 1982
"316" 367 1 15 8 24 4 15 24 1 1982
"317" 368 1 24 6 8 10 36 0 0 1982
"318" 370 1 26 9 18 9 1 0 0 1982
"319" 372 2 33 1 30 9 1 0 0 1982
"320" 374 2 19 8 26 8 10 0 0 1982
"321" 375 2 25 5 9 6 18 0 0 1982
"322" 376 1 25 12 27 10 11 11 1 1982
"323" 377 2 28 7 9 0 11 21 1 1982
"324" 379 2 27 2 2 8 10 0 0 1982
"325" 380 2 33 6 6 10 36 0 0 1982
"326" 381 1 25 3 1 10 36 0 0 1982
"327" 382 2 27 5 18 10 36 0 0 1982
"328" 383 1 22 9 5 10 36 0 0 1982
"329" 384 2 22 3 17 10 36 0 0 1982
"330" 385 2 29 6 18 10 36 0 0 1982
"331" 386 2 33 4 26 10 36 0 0 1982
"332" 387 1 33 1 9 10 36 0 0 1982
"333" 390 1 32 8 1 10 36 0 0 1982
"334" 391 1 7 9 3 10 36 0 0 1982
"335" 394 1 26 4 30 10 36 0 0 1982
"336" 395 2 23 1 2 10 36 0 0 1982
"337" 397 2 31 6 28 6 16 0 0 1982
"338" 398 2 20 5 4 6 16 0 0 1982
"339" 399 1 25 4 5 6 16 11 1 1982
"340" 400 2 13 3 29 6 16 0 0 1982
"341" 401 2 28 10 15 6 16 0 0 1982
"342" 402 2 22 5 11 6 16 0 0 1982
"343" 403 1 24 8 10 6 8 0 0 1982
"344" 404 1 18 1 12 6 8 11 1 1982
"345" 407 1 25 11 4 12 39 24 1 1982
"346" 408 1 33 8 30 6 8 0 0 1982
"347" 410 1 33 12 16 6 18 0 0 1982
"348" 411 1 20 4 17 12 39 14 1 1982
"349" 414 1 25 11 15 11 43 11 1 1982
"350" 415 2 33 9 11 6 18 0 0 1982
"351" 417 1 30 4 7 11 27 11 1 1982
"352" 418 2 32 12 31 11 27 0 0 1982
"353" 423 1 33 11 26 11 20 0 0 1982
"354" 424 2 29 6 3 11 20 0 0 1982
"355" 425 1 25 2 15 10 36 0 0 1982
"356" 426 2 28 9 5 11 22 0 0 1982
"357" 428 1 16 9 30 7 5 0 0 1982
"358" 429 2 23 3 30 11 43 0 0 1982
"359" 430 1 30 8 5 11 43 11 1 1982
"360" 431 1 26 8 13 11 43 0 0 1982
"361" 432 1 28 2 20 11 43 0 0 1982
"362" 433 2 31 7 20 11 43 0 0 1982
"363" 434 2 29 7 18 11 43 0 0 1982
"364" 435 2 30 7 15 11 44 0 0 1982
"365" 436 2 25 6 1 11 22 11 1 1982
"366" 437 1 29 2 29 11 43 0 0 1982
"367" 438 2 19 10 7 11 44 0 0 1982
"368" 439 2 31 2 27 11 44 11 1 1982
"369" 440 1 33 8 16 9 2 0 0 1982
"370" 441 1 26 11 15 11 43 0 0 1982
"371" 442 2 19 11 17 11 43 11 1 1982
"372" 443 1 30 7 23 11 22 0 0 1982
"373" 446 1 28 9 10 7 39 0 0 1982
"374" 447 1 30 9 10 7 30 0 0 1982
"375" 449 1 32 6 21 10 36 0 0 1982
"376" 450 2 23 1 17 7 39 0 0 1982
"377" 451 1 33 1 18 11 22 0 0 1982
"378" 453 1 26 11 12 7 39 11 1 1982
"379" 454 2 31 1 16 7 39 0 0 1982
"380" 457 1 30 7 24 7 39 0 0 1982
"381" 458 2 21 12 6 12 39 0 0 1982
"382" 460 2 32 9 26 12 39 0 0 1982
"383" 461 1 29 4 6 7 40 0 0 1982
"384" 462 2 21 7 31 8 13 14 1 1982
"385" 464 2 28 2 28 4 28 0 0 1982
"386" 466 1 29 10 29 10 36 0 0 1982
"387" 467 2 26 11 25 7 39 0 0 1982
"388" 469 1 19 5 28 12 39 11 1 1982
"389" 470 2 27 10 27 7 30 0 0 1982
"390" 471 1 24 1 18 7 39 0 0 1982
"391" 472 1 24 1 13 10 36 25 1 1982
"392" 473 2 33 6 4 7 39 0 0 1982
"393" 475 2 33 11 25 7 39 0 0 1982
"394" 476 1 16 6 7 7 39 0 0 1982
"395" 477 1 34 1 22 11 22 0 0 1982
"396" 478 2 20 6 21 7 39 0 0 1982
"397" 479 2 19 6 30 6 16 15 1 1982
"398" 480 1 25 5 1 7 40 0 0 1982
"399" 481 1 22 4 22 6 16 0 0 1982
"400" 482 2 24 1 16 11 27 0 0 1982
"401" 484 2 31 10 8 7 40 0 0 1982
"402" 486 1 32 3 6 11 27 0 0 1982
"403" 487 2 32 9 27 6 18 0 0 1982
"404" 489 2 28 5 6 6 18 0 0 1982
"405" 490 2 26 4 11 6 18 0 0 1982
"406" 491 2 22 3 12 6 18 0 0 1982
"407" 492 1 25 3 19 10 36 0 0 1982
"408" 493 1 28 10 18 10 36 0 0 1982
"409" 495 2 24 1 30 6 18 0 0 1982
"410" 496 2 24 9 29 10 36 0 0 1982
"411" 497 2 28 8 7 6 18 0 0 1982
"412" 498 2 14 4 7 6 18 26 1 1982
"413" 500 2 30 11 13 10 36 0 0 1982
"414" 501 2 26 9 8 10 36 0 0 1982
"415" 502 2 28 2 3 10 11 0 0 1982
"416" 503 2 23 11 22 10 36 0 0 1982
"417" 504 2 27 12 14 10 36 0 0 1982
"418" 505 2 33 3 18 10 36 0 0 1982
"419" 506 2 23 8 25 9 35 0 0 1982
"420" 507 1 17 5 30 8 10 11 1 1982
"421" 508 2 27 7 14 9 35 0 0 1982
"422" 509 1 19 1 23 9 35 0 0 1982
"423" 510 2 26 8 4 9 35 0 0 1982
"424" 511 1 31 1 31 9 2 0 0 1982
"425" 512 1 18 2 7 9 3 0 0 1982
"426" 513 1 20 7 15 9 35 0 0 1982
"427" 514 1 28 5 14 8 34 11 1 1982
"428" 515 2 16 3 19 8 34 0 0 1982
"429" 516 2 15 4 7 0 26 0 0 1982
"430" 517 1 22 1 14 9 35 0 0 1982
"431" 518 1 16 9 20 8 10 0 0 1982
"432" 519 2 26 12 12 9 35 15 1 1982
"433" 520 2 25 11 30 9 35 0 0 1982
"434" 521 2 30 3 21 4 28 15 1 1982
"435" 522 2 26 8 24 3 13 0 0 1982
"436" 524 2 26 8 23 1 12 0 0 1982
"437" 525 2 34 5 28 1 12 0 0 1982
"438" 526 2 18 2 7 1 14 21 1 1982
"439" 527 1 26 2 6 4 28 0 0 1982
"440" 529 1 24 12 14 4 28 0 0 1982
"441" 530 2 20 1 7 2 24 0 0 1982
"442" 531 2 32 3 14 12 39 0 0 1982
"443" 532 1 24 11 24 3 24 0 0 1982
"444" 533 1 25 10 14 2 24 0 0 1982
"445" 535 1 20 6 10 12 39 0 0 1982
"446" 536 2 25 2 6 7 39 23 1 1982
"447" 537 1 22 11 7 6 42 0 0 1982
"448" 538 2 28 7 10 7 40 0 0 1982
"449" 539 2 31 1 15 9 2 11 1 1982
"450" 540 2 15 10 10 4 15 21 1 1982
"451" 541 1 21 10 20 6 16 0 0 1982
"452" 542 2 26 6 24 11 22 0 0 1982
"453" 543 1 14 3 20 6 42 11 1 1982
"454" 544 2 19 5 23 4 15 0 0 1982
"455" 545 2 19 12 18 5 6 0 0 1982
"456" 546 2 33 6 7 5 6 0 0 1982
"457" 547 2 24 3 16 5 7 0 0 1982
"458" 548 2 28 6 27 5 7 0 0 1982
"459" 549 1 19 8 1 5 6 0 0 1982
"460" 550 1 31 10 13 6 42 0 0 1982
"461" 551 2 25 11 31 5 6 0 0 1982
"462" 552 2 22 5 30 11 20 11 1 1982
"463" 553 2 27 2 25 5 6 11 1 1982
"464" 554 1 20 7 27 10 36 0 0 1982
"465" 555 2 24 5 21 12 39 0 0 1982
"466" 557 1 23 3 31 5 7 24 1 1982
"467" 558 2 17 6 13 5 7 17 1 1982
"468" 559 1 23 8 21 6 42 11 1 1982
"469" 560 1 30 1 26 4 15 17 1 1982
"470" 561 1 21 3 20 5 6 0 0 1982
"471" 563 1 18 12 7 4 15 0 0 1982
"472" 564 2 20 8 1 4 15 0 0 1982
"473" 565 1 27 10 25 4 15 0 0 1982
"474" 566 1 28 4 29 4 15 0 0 1982
"475" 567 2 28 7 16 12 39 0 0 1982
"476" 568 2 17 12 8 7 39 11 1 1982
"477" 570 1 26 2 10 12 39 0 0 1982
"478" 572 1 28 5 21 5 6 0 0 1982
"479" 573 2 12 12 4 5 6 0 0 1982
"480" 575 2 18 5 4 5 6 0 0 1982
"481" 576 1 17 6 28 10 17 11 1 1982
"482" 577 2 18 12 23 12 39 15 1 1982
"483" 578 1 18 9 27 10 36 0 0 1982
"484" 579 1 22 9 23 1 14 11 1 1982
"485" 580 1 26 9 12 7 40 0 0 1982
"486" 581 2 25 1 31 6 9 0 0 1982
"487" 582 2 23 6 13 11 22 0 0 1982
"488" 583 2 28 7 16 10 36 0 0 1982
"489" 584 2 16 4 10 10 36 15 1 1982
"490" 585 2 19 5 29 10 36 0 0 1982
"491" 586 2 31 10 15 11 22 0 0 1982
"492" 587 1 23 11 11 0 39 19 1 1982
"493" 588 1 18 3 7 7 39 0 0 1982
"494" 589 2 32 6 14 11 22 0 0 1982
"495" 590 1 22 5 30 10 36 11 1 1982
"496" 591 1 19 8 1 11 20 0 0 1982
"497" 592 2 25 3 5 12 39 11 1 1982
"498" 593 2 30 3 16 11 43 0 0 1982
"499" 594 1 24 7 28 11 43 0 0 1982
"500" 595 1 25 7 11 11 43 0 0 1982
